****************
tensor([[-5.9056]], device='cuda:0', grad_fn=<SubBackward0>)
tensor([[0.3244]], device='cuda:0', grad_fn=<AddBackward0>)
****************
***************
Parameter containing:
tensor([[[[-1.7503e-02,  2.4880e-02, -1.1818e-01,  1.9760e-02, -5.3475e-02],
          [ 7.3604e-02, -1.2035e-01, -1.1189e-01, -6.8899e-02,  3.1121e-02],
          [ 2.3736e-02, -2.0270e-02, -5.9009e-02, -7.8152e-02,  1.0207e-01],
          [ 1.0649e-01,  1.5073e-02,  6.3710e-02,  6.3877e-02,  9.3833e-02],
          [-3.5255e-02, -9.7925e-02, -7.4950e-02, -6.0606e-02,  8.2116e-03]]],


        [[[ 3.1970e-02, -1.1723e-01, -6.9361e-03, -5.1649e-02, -4.2047e-02],
          [-6.1576e-02,  2.7810e-02, -4.3710e-02,  7.8827e-02,  6.7343e-02],
          [ 7.4886e-02, -3.5206e-02,  2.9415e-02,  7.5340e-02,  1.1408e-02],
          [ 7.4425e-02,  8.4392e-02, -7.5732e-03, -9.0965e-02, -1.1686e-01],
          [ 8.0600e-02,  7.9917e-02,  6.0384e-02, -6.6354e-02, -5.0351e-03]]],


        [[[ 1.4116e-02,  4.9269e-02,  7.5450e-02, -1.0842e-02, -2.8343e-02],
          [-7.8201e-02, -2.5325e-02,  8.1495e-02, -1.1187e-01,  9.2615e-02],
          [-7.9283e-02,  7.3207e-02,  1.0715e-01,  7.3802e-02,  4.0447e-02],
          [ 6.8405e-02,  4.7893e-02, -7.8719e-02, -3.3913e-02, -5.8313e-02],
          [ 9.2013e-02,  4.0015e-02,  4.8282e-02,  1.0857e-01, -1.0662e-01]]],


        [[[ 1.0855e-01,  2.4716e-02,  1.1404e-01,  4.1164e-02, -8.4615e-02],
          [ 1.1548e-01,  6.1433e-03,  8.6523e-02, -5.0710e-02,  9.9466e-02],
          [-3.6278e-02, -1.0030e-01, -9.4523e-02,  1.0897e-01, -8.9063e-02],
          [-4.8491e-02, -6.7093e-02, -4.2093e-02, -3.0601e-02,  1.1996e-01],
          [-1.0450e-01, -3.0728e-02,  1.1433e-01,  1.0740e-02, -5.3086e-02]]],


        [[[ 4.5878e-02,  5.0944e-02, -1.1662e-01, -1.0355e-01, -1.1118e-01],
          [ 1.1079e-02, -5.6408e-02, -9.0226e-03,  2.3610e-02, -1.1874e-01],
          [-3.9464e-02, -8.7625e-02, -2.8745e-02,  5.0726e-02, -7.5999e-02],
          [ 7.6677e-03, -1.9593e-02,  2.2996e-02,  8.0197e-02, -8.5057e-02],
          [-9.0269e-02,  2.9184e-03,  5.1555e-02, -6.1361e-04, -7.2652e-02]]],


        [[[ 1.2640e-02,  4.5801e-02, -7.5363e-02, -2.8152e-02, -5.0376e-02],
          [-5.8314e-02,  4.7457e-02, -3.8244e-02, -4.7005e-02, -1.1025e-01],
          [-9.9031e-02, -2.9952e-02,  1.1348e-03, -1.0006e-01,  3.8779e-02],
          [ 1.0445e-01, -4.8592e-02,  2.1822e-02,  7.4631e-02,  7.8648e-02],
          [-8.5620e-02,  1.0997e-01, -2.8714e-02, -7.2082e-02, -1.1118e-01]]],


        [[[ 1.7420e-02, -1.2975e-02,  6.9576e-02, -8.2171e-03,  1.0618e-01],
          [ 4.2574e-02,  5.2720e-02, -2.2446e-02,  7.8109e-02, -4.1081e-02],
          [-6.2848e-03, -8.7463e-02, -5.5036e-02,  9.9767e-02,  5.4577e-02],
          [-9.0499e-02,  1.0918e-01,  5.6095e-02, -6.0157e-02, -3.4072e-03],
          [-1.1495e-02, -6.5952e-02, -4.0419e-02,  4.0082e-02, -1.3666e-02]]],


        [[[ 9.5797e-03,  6.5071e-03,  5.3758e-02,  4.7724e-02,  9.6659e-02],
          [ 1.0168e-01, -9.5735e-02, -4.6977e-02,  6.3488e-03,  7.0949e-02],
          [-5.9644e-02, -3.8743e-02, -9.5331e-02, -7.1127e-04,  6.6545e-02],
          [-9.6507e-02,  2.9081e-02, -7.6475e-02,  6.2940e-02,  1.1221e-02],
          [-6.4406e-02, -7.8584e-02,  7.5078e-02,  5.9713e-02,  6.0732e-02]]],


        [[[-3.1022e-02, -1.0866e-02,  4.1857e-02,  9.4474e-02, -8.2735e-02],
          [-4.5259e-02, -6.7882e-02,  1.1706e-01,  8.2511e-02, -4.1938e-02],
          [-8.5836e-02, -7.4049e-02, -1.1060e-01, -7.1946e-02, -9.5569e-02],
          [ 3.7694e-03,  7.3526e-03, -6.2223e-03,  1.6037e-02, -6.5008e-02],
          [ 7.9246e-02,  1.0747e-01,  4.0706e-04, -8.2189e-02, -1.1436e-01]]],


        [[[-5.4856e-02, -9.5198e-02, -4.4703e-02, -5.6626e-02, -6.3028e-02],
          [-9.5703e-02, -3.0450e-02,  9.4330e-02,  8.5247e-02, -3.6331e-02],
          [ 6.1383e-02, -2.5845e-02,  8.8081e-02, -9.1012e-02, -6.7651e-02],
          [ 4.3603e-02, -1.1684e-01,  8.0457e-02,  3.6367e-02, -3.0969e-02],
          [-5.0509e-02,  3.9137e-02,  1.0228e-01, -1.0622e-01, -8.9609e-02]]],


        [[[-8.2598e-03, -4.1870e-03,  3.9261e-02, -4.4745e-02, -3.7663e-02],
          [-6.6222e-02, -1.1013e-01,  3.9283e-03,  1.1015e-01, -1.5655e-03],
          [-4.1565e-02, -6.2529e-02,  5.1594e-02, -1.1965e-01,  9.7050e-02],
          [ 1.1222e-01,  4.7433e-02, -2.2692e-03,  9.0844e-03, -9.6971e-02],
          [-5.0604e-02,  6.1650e-02, -1.9344e-02,  1.4125e-02,  6.9904e-02]]],


        [[[-6.0166e-03,  8.1753e-02, -1.2781e-02, -2.5445e-02, -1.0210e-01],
          [-8.9273e-02, -4.7712e-02, -9.0073e-02, -4.9772e-02,  7.7217e-02],
          [-1.1968e-01,  3.4389e-02, -7.0858e-02,  4.0227e-04,  7.5511e-04],
          [-4.7737e-02,  2.6475e-02,  5.3146e-02, -8.1384e-03,  8.1135e-02],
          [-5.4504e-02, -5.8116e-03,  1.3820e-02, -8.9458e-02, -3.0399e-02]]],


        [[[-7.4215e-02,  1.5172e-02,  9.8463e-03,  5.0214e-02, -1.1551e-01],
          [-5.9985e-02,  1.1389e-01,  3.9735e-02,  7.6230e-02, -1.1853e-01],
          [-6.3302e-02, -2.8035e-02,  6.9873e-02,  1.0655e-01,  4.9174e-02],
          [-7.9152e-02,  8.7297e-02,  7.0888e-03, -9.2027e-02, -5.5481e-02],
          [-9.2593e-02,  9.3847e-02,  2.0669e-02, -4.7738e-02, -9.4653e-02]]],


        [[[-7.3149e-02, -1.1139e-01, -7.7439e-03, -1.1885e-02,  3.6358e-02],
          [ 8.6073e-02,  1.2046e-01, -8.7487e-02,  1.1069e-02, -2.4510e-02],
          [ 1.0760e-02,  1.0256e-01, -1.1778e-01, -2.6676e-02, -3.9905e-02],
          [ 9.2234e-02, -9.3504e-02,  3.1854e-02, -5.5511e-02, -9.8160e-02],
          [-7.9141e-02,  1.1638e-01,  8.7184e-02,  6.0648e-02,  5.1008e-02]]],


        [[[-2.5436e-02,  4.1683e-02, -3.2657e-02,  3.7040e-03, -3.9598e-02],
          [-5.4344e-02, -2.7429e-02, -4.4530e-02, -7.3447e-02, -2.5693e-02],
          [-1.0833e-01,  1.0967e-01,  5.2818e-02, -1.5411e-02, -6.7878e-02],
          [ 1.0155e-01, -4.6618e-02,  7.9963e-02,  5.8711e-02, -6.9298e-02],
          [ 6.4051e-02,  1.0517e-01, -8.5064e-02, -5.9827e-02, -1.0481e-02]]],


        [[[ 9.4116e-02, -2.8253e-02, -3.8209e-02,  2.4494e-02,  5.2087e-02],
          [-7.7086e-02, -1.9876e-02,  6.3313e-02,  4.5253e-02,  9.5534e-02],
          [-1.1290e-01,  6.6182e-02,  1.0820e-01,  9.9012e-02,  7.3382e-02],
          [-7.4877e-02, -1.2613e-02,  1.1351e-01,  9.7781e-02, -1.8518e-02],
          [-2.1221e-02,  1.0314e-01,  8.9433e-02, -1.0195e-01, -4.1443e-02]]],


        [[[ 1.2043e-02,  1.0437e-01, -3.0734e-02, -9.9680e-02,  3.8416e-02],
          [-3.9493e-02, -8.7658e-02,  7.4583e-02, -2.3925e-03, -5.4943e-02],
          [ 6.3647e-02, -8.6768e-02,  1.1577e-01,  1.9441e-02,  1.1337e-01],
          [ 1.9770e-02, -3.0811e-02, -9.7045e-02, -3.7437e-02,  9.0964e-02],
          [-7.0075e-02,  8.6976e-02,  1.0662e-01,  3.7996e-02, -9.8051e-02]]],


        [[[ 4.8091e-03, -1.0754e-01,  5.6079e-02, -3.4899e-02, -2.4757e-02],
          [ 4.5396e-02, -4.8453e-02,  6.8634e-02, -9.6002e-02, -1.0770e-01],
          [ 1.0739e-02, -5.1271e-02, -7.3001e-02,  4.9261e-02,  3.2169e-02],
          [ 8.9744e-02, -7.4247e-02,  9.1384e-02,  3.0792e-03,  8.0347e-02],
          [-9.7732e-02, -1.4689e-02, -2.0644e-02, -5.3183e-02, -2.5970e-03]]],


        [[[ 8.1418e-02,  3.0892e-02,  1.0006e-01, -1.0218e-01, -9.1346e-02],
          [ 3.4405e-02,  9.6507e-02, -2.5782e-03, -9.3490e-02,  1.0512e-01],
          [ 1.0195e-01,  2.6664e-02, -6.4381e-02,  1.0472e-01,  1.0388e-01],
          [-1.1740e-01,  7.7971e-03,  5.9169e-02, -1.1964e-01,  9.7088e-02],
          [-1.0138e-01, -3.7005e-02, -5.6265e-03, -7.9427e-02,  4.7993e-02]]],


        [[[-1.1691e-02, -3.8746e-02,  4.6498e-02,  1.1552e-01, -3.2090e-02],
          [ 1.3411e-02,  1.0894e-01, -1.2353e-02, -1.1355e-01,  9.5372e-02],
          [ 5.3256e-02,  4.9656e-02,  8.8296e-02, -1.1229e-01,  7.6310e-02],
          [ 5.0345e-02,  7.1087e-02, -7.6125e-02,  5.8862e-02, -5.2347e-02],
          [ 6.5878e-04, -9.1874e-02, -7.2664e-02,  8.7472e-02, -3.1548e-02]]],


        [[[-7.5333e-02, -5.7692e-02,  2.6843e-02, -6.5975e-02, -9.6689e-02],
          [-1.1400e-01,  6.5344e-02, -8.4686e-02, -7.7033e-02, -8.3868e-02],
          [ 3.8084e-02,  2.9359e-02,  6.6766e-02, -1.2020e-01,  4.0214e-03],
          [-2.3948e-02,  1.9723e-02,  7.5448e-02,  4.5914e-02,  9.3200e-02],
          [ 2.4217e-02, -6.6192e-03, -9.6762e-02, -3.3723e-02, -4.5725e-03]]],


        [[[ 4.5495e-02,  1.0907e-01,  7.7056e-04,  7.6844e-02, -1.1530e-01],
          [ 1.4136e-02, -1.8909e-02, -1.4814e-02,  4.6484e-02,  3.9002e-02],
          [-6.3993e-02,  1.0180e-01, -7.6896e-02, -6.3632e-02, -1.1464e-01],
          [-1.5404e-02, -4.9772e-02,  5.0088e-02,  7.9434e-02,  5.2716e-02],
          [-4.9105e-02,  2.4892e-02,  1.3059e-02,  2.5264e-02,  5.9285e-02]]],


        [[[-6.2052e-02,  6.5185e-02, -1.0823e-01,  1.1002e-01,  6.2144e-03],
          [ 8.7627e-02, -9.7058e-02,  4.0555e-02,  9.0888e-02,  2.3389e-02],
          [-1.1437e-02,  1.1700e-01,  1.0803e-01,  5.5811e-02, -6.6711e-02],
          [ 2.8187e-02,  5.7679e-02,  1.1244e-01, -2.8048e-02, -6.1019e-02],
          [ 8.1807e-02, -3.9578e-04, -9.3889e-02, -9.6190e-02, -8.1029e-02]]],


        [[[ 1.0420e-01,  7.1353e-02, -1.0592e-01,  8.4605e-02, -9.3469e-02],
          [-8.9391e-02,  1.7324e-02, -5.4817e-02, -3.1145e-02, -4.6474e-03],
          [-1.5947e-02,  1.1720e-01,  4.3969e-02, -1.1871e-01,  7.5771e-02],
          [-4.7245e-02, -1.0222e-01, -5.2453e-02, -6.3415e-02, -9.7373e-02],
          [ 1.3909e-02, -4.1036e-03,  3.3164e-02,  8.6167e-02, -1.7846e-02]]],


        [[[-3.1236e-02,  7.1087e-02,  5.9811e-02,  4.0569e-02, -1.1104e-01],
          [-7.9913e-02, -1.8342e-02, -4.3760e-02, -1.2568e-02, -1.0637e-01],
          [ 4.9013e-02,  3.7215e-02,  3.0333e-02,  4.7149e-02,  7.4252e-02],
          [ 9.4174e-02,  1.7759e-02, -1.1216e-01, -4.8759e-03,  8.2340e-03],
          [ 3.4456e-02,  4.9408e-02,  6.5684e-02, -8.2420e-02,  2.9313e-02]]],


        [[[ 3.9911e-02, -4.6614e-05,  3.4994e-02,  7.1287e-03, -6.9089e-02],
          [-1.4344e-02, -4.4628e-02, -1.6104e-02, -3.8640e-03,  1.0980e-01],
          [-3.8602e-02, -2.5240e-02, -2.6142e-02,  2.2248e-02,  1.0878e-01],
          [ 8.8437e-02,  2.3358e-02, -1.0636e-01, -8.7304e-02,  9.5058e-02],
          [ 1.5229e-02, -5.6595e-02,  1.2570e-03,  2.7799e-02,  8.0083e-02]]],


        [[[ 2.1150e-02, -1.0843e-01,  9.0479e-03,  6.3422e-02,  1.4506e-02],
          [-7.4403e-03,  6.9756e-02,  2.3493e-03, -3.0497e-02,  1.1884e-01],
          [-2.1614e-02, -3.8028e-02, -5.8934e-03,  8.3496e-02,  2.8807e-02],
          [-9.7160e-02, -7.5428e-02, -1.4583e-03, -6.5611e-02,  2.3350e-02],
          [-1.0660e-01,  2.9846e-02, -2.4386e-02,  2.1363e-02, -6.1761e-02]]],


        [[[-5.1238e-03,  7.5671e-02, -3.6765e-02, -9.3920e-03, -4.7537e-02],
          [ 4.1902e-02, -4.0762e-02,  1.1368e-01, -5.6336e-02, -7.9033e-02],
          [ 7.9601e-02,  5.6541e-02, -6.8339e-02,  8.1366e-02, -6.3918e-02],
          [ 2.4335e-02, -1.0078e-01, -1.0558e-01, -4.9598e-02, -5.3698e-02],
          [ 2.7170e-02,  1.1836e-01,  7.0809e-02,  8.4188e-02,  1.0156e-01]]],


        [[[ 8.3169e-02,  4.7976e-02, -9.8033e-02, -8.6081e-02, -3.0807e-02],
          [-9.1958e-02,  4.6876e-03, -1.1684e-01,  6.4179e-03, -2.8143e-02],
          [ 8.4838e-02,  6.8603e-02, -9.0863e-02,  1.6567e-02, -5.2538e-02],
          [-1.0479e-01, -1.0061e-01, -2.9538e-03, -1.7470e-03, -1.1119e-01],
          [-1.6452e-02,  6.5430e-02,  5.1712e-03, -2.8505e-02, -4.7253e-02]]],


        [[[-1.0846e-01,  5.1491e-02, -2.0485e-02, -2.7647e-02,  5.9232e-02],
          [ 9.2997e-02,  2.5550e-02, -6.6714e-02,  2.1098e-02,  1.3530e-02],
          [-7.1842e-02, -5.6904e-03, -9.7384e-02, -2.0696e-03,  8.9234e-02],
          [-2.8712e-02,  2.5229e-02, -1.0878e-01, -2.0306e-02,  8.3816e-02],
          [ 1.1635e-01, -7.5205e-02,  7.6167e-03, -2.0534e-02, -6.4807e-02]]],


        [[[ 1.1840e-01, -9.2330e-02,  1.1607e-01, -2.3144e-03, -8.1399e-02],
          [-4.6615e-02,  9.6322e-02, -4.8729e-02, -1.1586e-01,  6.3134e-02],
          [ 5.5067e-02, -2.5863e-02,  8.4500e-03, -1.1661e-01, -1.7556e-02],
          [ 1.0949e-01,  1.1627e-01, -1.1883e-01,  9.1717e-02,  3.8071e-03],
          [-7.2358e-02, -6.0850e-02, -1.8990e-02, -7.1336e-03, -1.0051e-01]]],


        [[[ 2.1944e-02, -7.6429e-02,  6.6676e-02, -4.0272e-02,  1.0211e-01],
          [ 1.1354e-02,  1.0767e-01, -5.5420e-02, -5.2687e-02, -9.2865e-02],
          [-1.0855e-01,  2.5631e-03,  8.1320e-02,  5.1014e-02,  9.0953e-02],
          [ 1.0623e-01, -4.3086e-02,  4.9554e-02, -5.1991e-02, -7.0392e-02],
          [ 1.0853e-01, -1.0622e-01, -7.9728e-02,  1.0407e-01,  4.1958e-02]]]],
       requires_grad=True)
None
None
***************
***************
Parameter containing:
tensor([0., 0., 0., 0., 0., 0., 0., 0., 0., 0., 0., 0., 0., 0., 0., 0., 0., 0., 0., 0., 0., 0., 0., 0.,
        0., 0., 0., 0., 0., 0., 0., 0.], requires_grad=True)
None
None
***************
***************
Parameter containing:
tensor([[[[-8.5776e-02,  5.6226e-02, -8.2659e-02, -7.3529e-02, -2.4777e-03],
          [ 2.9601e-02, -8.2266e-02,  8.3762e-02, -5.5270e-02, -4.7280e-02],
          [ 7.7184e-04,  1.2027e-02,  3.0194e-02, -3.7935e-02, -3.9657e-02],
          [ 8.0720e-02,  5.0231e-02,  6.8175e-02, -7.0681e-02, -3.5356e-02],
          [ 2.2028e-02, -1.1004e-02,  3.9417e-02, -1.8720e-02,  2.4944e-02]],

         [[-4.5013e-03, -4.8112e-02, -5.2867e-02, -8.0499e-04,  2.0190e-02],
          [ 4.6911e-02, -7.6449e-03, -6.3249e-02,  5.9924e-02, -6.3752e-02],
          [ 1.3854e-02,  6.7300e-02, -7.6912e-02,  4.5799e-02, -4.1725e-02],
          [ 6.6650e-02, -5.7174e-02,  1.1248e-02, -3.8529e-02, -8.6112e-02],
          [ 1.8395e-02, -4.6682e-03,  8.5143e-02, -3.7418e-02,  1.2134e-02]],

         [[-6.4651e-02,  5.9848e-02, -4.6601e-02,  8.5461e-02, -7.1244e-02],
          [ 6.1361e-02,  6.9283e-02,  5.2848e-02,  9.9809e-03,  5.2914e-02],
          [-7.1070e-04,  7.4194e-02, -6.0600e-02, -1.8604e-02,  3.7305e-02],
          [ 3.9698e-02,  2.8094e-04,  7.9239e-02, -7.5281e-02,  8.4089e-02],
          [ 8.6264e-02,  2.7288e-02,  7.5131e-02, -8.0355e-02,  1.2781e-03]],

         ...,

         [[-4.1913e-02, -3.6212e-04, -2.0147e-02, -4.3717e-03, -5.1640e-02],
          [ 1.4481e-02, -1.0571e-02, -8.0145e-02, -3.3349e-02,  5.6311e-02],
          [ 1.1070e-02,  7.1990e-02,  6.5660e-02,  5.5779e-02,  5.7425e-02],
          [ 1.4562e-02, -7.2691e-02, -8.6333e-02, -3.0690e-02,  5.8640e-02],
          [-4.6255e-02,  2.7734e-02, -1.6260e-02, -6.6115e-02,  2.8856e-03]],

         [[-6.8578e-02, -3.7069e-02, -8.1027e-02,  9.3091e-03,  7.9357e-02],
          [ 1.6817e-02, -3.2141e-02,  7.3192e-02, -2.4276e-02,  1.2701e-03],
          [-4.2788e-03,  7.7366e-02,  6.3975e-02,  5.7451e-02, -7.4724e-02],
          [ 4.8387e-02,  5.0363e-02, -3.1854e-02, -8.2607e-03, -3.6679e-02],
          [-2.8836e-02, -2.4720e-02, -8.5504e-02, -3.9910e-02, -6.5278e-02]],

         [[ 7.1630e-02,  4.8167e-02,  7.5084e-02, -5.5770e-02,  5.8116e-02],
          [ 3.2059e-03, -1.3525e-02, -2.6937e-02,  6.1334e-02,  2.0637e-02],
          [-7.1690e-02, -3.6909e-02, -7.4680e-02,  3.7106e-02, -6.4919e-02],
          [ 5.4531e-02,  3.1986e-02,  3.9644e-02, -7.4850e-02,  1.3271e-02],
          [ 1.9148e-02,  5.6995e-03, -6.7123e-02, -6.5892e-04,  6.3322e-02]]],


        [[[ 1.1058e-02,  3.8378e-02,  2.2884e-02, -2.6480e-02, -5.3760e-02],
          [-2.2486e-03, -3.3008e-02,  1.2380e-02,  4.9386e-02,  1.3267e-02],
          [-3.2964e-02,  3.4283e-02,  7.6229e-02,  6.2288e-02,  3.9359e-02],
          [-7.7549e-02, -1.8057e-02, -3.7717e-02,  4.4380e-03,  7.9612e-02],
          [-5.0708e-02, -3.5341e-02,  2.0794e-02, -6.1929e-02, -6.7629e-02]],

         [[-1.2677e-02,  4.0371e-03, -3.7908e-02,  1.9430e-02, -1.6030e-02],
          [ 1.9390e-02,  7.2143e-02, -3.6788e-02, -1.5256e-02, -4.9707e-02],
          [ 5.2120e-02, -4.6645e-02, -1.7923e-02, -4.1835e-02, -2.7311e-02],
          [ 8.4468e-02,  4.8453e-02,  8.2443e-02,  3.9917e-03, -3.8420e-02],
          [-6.4582e-02, -3.1392e-02,  1.7162e-02, -7.4157e-02, -6.0406e-02]],

         [[ 5.9589e-02, -8.5413e-02,  1.1157e-02, -5.1022e-02,  7.8833e-02],
          [ 8.3003e-02, -3.4436e-02,  4.3104e-02, -1.5633e-02,  6.8687e-02],
          [ 4.7082e-02,  3.2537e-02, -4.5722e-02, -3.2324e-02, -5.4700e-04],
          [ 4.2006e-02, -6.8590e-03, -4.8402e-02,  2.2857e-02,  6.0853e-02],
          [-2.6652e-02, -3.8461e-02,  1.2534e-03, -1.2868e-03, -3.5064e-02]],

         ...,

         [[-8.0694e-02,  5.0870e-03,  1.8784e-02,  2.3638e-02, -3.0549e-02],
          [ 5.5421e-02, -1.2549e-02, -7.3655e-02,  1.0986e-03, -3.4971e-02],
          [-3.5590e-03,  2.3634e-02,  4.3815e-03,  5.0044e-02,  6.7971e-02],
          [-4.0011e-02,  5.0392e-02,  2.4791e-02, -7.3222e-02, -4.5079e-02],
          [ 5.9323e-03,  1.3470e-02,  3.6581e-02,  3.4175e-02,  8.6337e-02]],

         [[ 1.6395e-02,  1.7486e-02, -3.2658e-02,  2.9296e-02,  1.3232e-03],
          [-3.7531e-02,  7.3977e-02,  2.2092e-02, -7.0807e-02,  5.4148e-02],
          [ 6.8692e-02,  2.3927e-02,  5.7564e-02,  1.9058e-03, -4.8947e-02],
          [ 2.0114e-02,  6.2709e-02,  3.4153e-02, -7.3099e-02, -4.4417e-02],
          [-6.1432e-02, -3.9415e-02,  6.5339e-02, -2.3506e-02, -1.9980e-02]],

         [[-6.0305e-02, -1.1524e-02, -6.7312e-02,  7.3482e-02,  4.5680e-02],
          [-4.0508e-02,  5.3151e-02,  3.6276e-02, -1.9966e-02, -3.3158e-02],
          [-6.6194e-02, -3.2004e-02, -5.0664e-02,  6.4122e-02,  2.7629e-02],
          [ 6.9532e-02, -2.7421e-02, -7.4437e-02, -4.8020e-02, -6.6884e-02],
          [ 3.6490e-02, -7.8930e-02,  2.2602e-02, -2.8399e-02,  7.5145e-03]]],


        [[[-8.6487e-02,  1.1125e-02,  2.9177e-02,  7.5774e-02, -1.5107e-02],
          [ 5.5815e-02, -4.1023e-02, -8.2583e-02,  3.5494e-02,  6.9535e-02],
          [-8.4825e-02, -1.3876e-02,  7.3966e-02, -8.4286e-02, -5.4000e-02],
          [ 5.3418e-03,  5.0937e-02,  3.6643e-02,  7.0817e-02,  6.7357e-03],
          [ 1.4367e-02, -7.1507e-02, -6.7172e-02, -7.2522e-02, -8.4417e-02]],

         [[-1.6950e-02,  8.1807e-02, -2.9653e-02, -4.4975e-02, -1.7854e-02],
          [ 3.6834e-02,  3.0562e-02,  5.4998e-02, -2.1206e-04,  3.1572e-02],
          [ 6.3681e-03, -1.0446e-02,  2.5532e-02,  7.5333e-02, -3.9033e-02],
          [ 1.0845e-02, -2.2164e-02,  1.0348e-03, -7.6371e-02, -3.5149e-02],
          [-2.2531e-02,  2.9886e-02, -3.4398e-02, -6.2925e-02,  8.5974e-02]],

         [[-2.3102e-03, -3.6921e-02,  4.5669e-03,  1.3114e-02,  3.5190e-02],
          [ 4.0431e-02,  8.0779e-02,  3.8737e-02, -1.5683e-03,  5.7447e-02],
          [ 4.8438e-02,  1.2089e-02,  1.6172e-02, -8.5356e-02, -8.0683e-02],
          [-3.8051e-02, -2.4622e-02, -4.4214e-02,  2.4820e-02, -1.5805e-02],
          [ 8.3989e-02,  1.0535e-02,  6.6501e-03, -8.0985e-02, -6.7510e-02]],

         ...,

         [[-3.8210e-02, -7.6162e-02, -5.1256e-02,  6.4498e-02, -1.3753e-02],
          [-4.5529e-02, -2.1023e-04,  3.5891e-02,  1.7608e-02,  8.5151e-02],
          [-1.5191e-02,  6.3469e-02,  6.4287e-02, -7.2635e-03, -6.0237e-02],
          [-7.4962e-03, -3.6910e-02, -2.6536e-02,  3.8500e-02,  4.5884e-02],
          [ 1.5170e-03, -8.0686e-02, -3.6217e-02, -7.8580e-03, -5.2520e-02]],

         [[ 6.4079e-02,  6.3685e-02, -6.7622e-02,  3.4071e-02, -6.5073e-02],
          [ 5.0472e-04, -2.6037e-02,  2.1538e-02, -5.5880e-03,  2.3420e-02],
          [ 6.3476e-02, -1.8167e-02,  2.9954e-02,  8.1743e-02, -2.0872e-02],
          [-2.6266e-02, -4.9886e-02,  3.5940e-02, -6.9067e-02,  2.9683e-02],
          [ 5.5551e-03,  7.5368e-02,  5.8933e-02, -5.5578e-02,  2.6077e-02]],

         [[-5.0436e-02, -7.6746e-02, -7.9768e-02, -3.3603e-02,  2.0184e-02],
          [ 6.2831e-02,  7.7941e-02,  3.4323e-02,  4.6662e-02,  5.7212e-02],
          [ 4.4818e-02, -5.2547e-02, -7.2930e-02,  6.3473e-02, -1.7488e-02],
          [ 4.8701e-02,  2.5643e-02,  6.9164e-02, -1.4788e-02, -2.1656e-02],
          [-3.0076e-02,  3.7878e-02, -8.0018e-02,  6.5038e-02,  6.8414e-02]]],


        ...,


        [[[ 3.2295e-02,  7.5727e-03,  7.4046e-02,  5.0703e-02,  5.7224e-02],
          [-3.5210e-02,  3.5024e-03,  3.0229e-02, -3.9988e-02, -2.8584e-02],
          [ 1.3864e-02,  2.8458e-02,  7.5244e-02,  4.7786e-02,  7.0318e-02],
          [ 1.1432e-02, -3.9185e-02, -1.7708e-03,  3.0817e-02,  3.3280e-02],
          [-4.7138e-02, -1.9117e-02, -5.4004e-02, -6.8717e-02,  7.3442e-02]],

         [[ 3.0455e-02, -6.8276e-02, -5.4470e-02, -6.8436e-03, -6.2599e-02],
          [ 7.4704e-02,  6.6852e-02, -6.4204e-02,  4.6283e-02,  1.8827e-02],
          [-5.0584e-02, -1.6762e-02,  9.8942e-03,  5.8750e-02,  6.4690e-05],
          [ 3.5236e-04, -8.0578e-02,  6.7708e-03, -4.3014e-02,  5.8704e-02],
          [ 3.0638e-02, -1.1225e-02,  1.3861e-02, -8.6476e-02,  1.9654e-02]],

         [[ 4.1197e-02,  1.0093e-02, -2.1217e-03,  6.2670e-02,  6.1572e-02],
          [-6.3913e-02,  4.6853e-02, -5.9172e-02,  4.0965e-02,  3.6236e-02],
          [-4.7023e-03, -3.7955e-02, -7.0204e-02, -7.5266e-02,  5.7817e-02],
          [ 4.0852e-02, -3.4969e-03, -8.1673e-02, -1.6734e-02,  1.0421e-02],
          [ 8.0517e-02, -7.2013e-02, -2.2359e-02,  7.4126e-02, -1.1821e-02]],

         ...,

         [[-2.7070e-02, -5.9699e-02, -8.2913e-02,  5.6549e-02,  7.9996e-02],
          [ 5.1527e-02, -2.4755e-02,  7.3885e-02, -6.3439e-02, -3.2286e-02],
          [-7.3828e-02,  5.4815e-04,  6.2681e-02, -5.6552e-02, -3.8452e-02],
          [-2.5605e-02, -8.0164e-02,  4.9049e-02,  5.4604e-02, -5.5699e-02],
          [-7.7463e-02,  8.3713e-02,  5.5984e-02, -1.1324e-02, -2.6484e-02]],

         [[ 7.3681e-02,  5.5226e-03, -3.0263e-02, -6.0344e-02,  4.3261e-02],
          [ 3.1009e-02, -5.6573e-03,  5.4391e-02,  7.2196e-02, -1.6601e-02],
          [-4.0476e-02, -1.5564e-02,  2.1318e-02, -7.0208e-02, -3.9043e-02],
          [-5.4220e-02, -5.0968e-02, -3.2421e-02, -8.1853e-02,  6.9288e-02],
          [ 4.0654e-02,  8.1157e-02, -1.8371e-02,  7.1149e-02,  5.5227e-03]],

         [[-5.4236e-02,  2.7316e-02, -7.7513e-02,  6.7326e-02,  2.8368e-02],
          [-4.5153e-02,  1.3592e-02, -7.7269e-02,  5.5738e-02, -2.4578e-02],
          [-1.9038e-02,  4.2741e-02, -5.9363e-02,  6.3840e-02, -1.1390e-02],
          [-5.2552e-02, -2.8624e-02, -4.9020e-03,  3.6814e-02, -7.9089e-02],
          [ 3.2371e-02,  5.6505e-02,  4.5701e-02,  1.5546e-02,  2.7791e-02]]],


        [[[-7.1188e-03,  3.6739e-02,  5.6067e-02, -1.7493e-02, -2.5784e-02],
          [-1.2683e-02,  6.3869e-02, -4.3703e-02, -8.1340e-02,  6.2247e-02],
          [ 1.3521e-02, -6.8265e-02,  5.3343e-02,  2.9798e-02, -2.3818e-02],
          [ 2.2864e-02,  3.8157e-02,  3.9824e-02, -8.2118e-02, -3.0289e-02],
          [ 2.8962e-02, -3.3629e-02, -6.0680e-02,  3.8660e-02,  5.9835e-02]],

         [[-2.0316e-02, -3.3557e-02, -2.9136e-02, -5.3317e-03, -2.3926e-03],
          [ 7.1856e-02,  7.5533e-02, -6.6185e-02,  6.4149e-02, -1.7038e-02],
          [ 2.9590e-02,  7.2992e-02, -1.8249e-02,  4.6922e-02,  5.0108e-02],
          [ 1.1435e-02,  7.9429e-02, -6.2768e-02, -1.9210e-02,  3.0919e-02],
          [-4.1536e-02,  2.1844e-02,  1.6645e-02,  8.5972e-02, -7.9568e-02]],

         [[-7.1354e-02, -5.5341e-02, -2.9418e-02, -5.5628e-02,  2.6814e-02],
          [ 5.3925e-02, -4.6251e-02, -5.6547e-02, -7.9183e-02,  7.4868e-02],
          [-3.4435e-02, -1.0859e-02, -6.3037e-02,  4.1124e-02,  4.4798e-02],
          [-8.5460e-02,  5.3654e-02,  4.9413e-02,  6.1195e-02, -3.8720e-02],
          [ 2.7417e-02,  2.5662e-02,  1.3840e-02,  3.9600e-02, -6.0423e-02]],

         ...,

         [[ 5.1992e-02,  3.2370e-03,  4.1985e-02,  1.1699e-02,  7.1661e-02],
          [-6.7491e-02,  4.2390e-02, -5.3534e-02,  3.0758e-02,  4.4796e-02],
          [ 3.5930e-02,  8.4130e-02,  3.3161e-02, -1.7359e-02,  1.8576e-02],
          [-4.1533e-02, -6.2429e-02,  4.2607e-02, -1.0383e-02, -8.4442e-02],
          [ 4.9317e-02, -1.1571e-02, -8.2233e-02, -5.3822e-02,  5.8980e-02]],

         [[ 7.0493e-02, -8.5379e-02,  2.9233e-02,  6.2434e-03, -1.4395e-02],
          [ 1.7169e-02,  5.2079e-02, -2.5873e-02, -1.5659e-02, -6.4643e-02],
          [ 4.3026e-02, -7.8886e-02, -1.2012e-02,  5.8959e-03,  2.0411e-02],
          [-2.1646e-02, -7.0536e-02, -7.6202e-02,  1.1093e-02,  3.6956e-02],
          [ 6.8459e-02,  3.5549e-03, -6.6571e-02, -7.1909e-02,  7.4095e-02]],

         [[ 4.7831e-02,  1.8297e-02, -2.3276e-02,  2.4426e-02, -6.8517e-02],
          [-3.1317e-02, -1.3366e-02, -4.1837e-03,  1.9335e-02, -4.4213e-02],
          [-7.8200e-03,  2.8661e-02, -8.2858e-02, -5.9053e-02, -1.7903e-02],
          [-4.7818e-02, -3.9741e-04, -4.5274e-02,  6.6125e-02, -4.7924e-02],
          [ 5.8042e-02,  8.4274e-02, -5.3287e-02, -6.1715e-02,  9.9697e-03]]],


        [[[ 4.1691e-02, -6.1252e-02,  6.5884e-02, -1.6231e-02,  6.5147e-02],
          [ 5.0593e-02,  8.2337e-02,  5.7281e-02, -5.2813e-02,  3.6153e-02],
          [ 7.3608e-02, -3.3123e-02,  5.3008e-02, -1.5582e-02, -4.9431e-02],
          [ 5.2330e-02, -7.8746e-02,  7.6857e-02, -7.5948e-02, -4.0019e-02],
          [-5.9986e-02,  6.7618e-02, -5.2581e-02,  4.5786e-02, -5.1555e-02]],

         [[-8.2670e-03,  4.2059e-03, -7.0922e-02,  5.0867e-02,  1.0977e-02],
          [ 1.5469e-02, -3.7275e-02,  1.0512e-02,  3.8077e-02,  8.3336e-02],
          [ 2.7492e-02,  7.7715e-02, -3.5607e-02, -4.2677e-02, -4.8805e-02],
          [ 5.4560e-02, -2.6914e-02, -7.8429e-02, -4.2479e-02, -3.6849e-02],
          [-5.5632e-02, -7.4878e-02, -3.2835e-02,  8.0739e-03,  7.7910e-02]],

         [[ 2.0669e-02,  6.8612e-02,  5.0556e-02,  8.4323e-02,  3.9729e-02],
          [-5.4383e-02, -3.0327e-02,  8.0548e-02, -2.9781e-03, -3.8863e-02],
          [-6.1240e-02,  4.3231e-02, -4.1640e-02,  4.4602e-02,  2.7795e-02],
          [-8.0856e-02,  1.9961e-02,  7.7506e-02,  6.8385e-02,  2.4306e-02],
          [ 7.0603e-02, -3.9205e-02, -1.6405e-02, -6.2871e-02, -2.0323e-02]],

         ...,

         [[ 6.7117e-02,  1.7356e-03, -1.7444e-02, -1.6888e-02, -2.4375e-02],
          [-4.4284e-02,  4.7344e-02,  4.3050e-02,  6.5899e-02,  2.7240e-02],
          [-1.4327e-02, -1.5118e-02, -1.6409e-02,  3.6421e-02,  8.3335e-02],
          [ 6.1541e-02,  4.1937e-03,  1.4729e-02,  4.6655e-02, -8.1775e-02],
          [-1.1833e-03, -3.2294e-02, -4.8601e-02, -8.5557e-02, -1.5783e-02]],

         [[ 7.3277e-02,  8.3961e-02,  3.4499e-02,  6.0881e-02,  3.7775e-03],
          [-5.4019e-02, -3.6435e-02, -8.0118e-02, -1.1203e-02, -4.8276e-02],
          [-8.5175e-02,  5.8449e-02, -9.3433e-03, -3.5226e-02,  3.9900e-03],
          [ 6.0771e-02,  6.7401e-02, -4.1271e-03, -2.3712e-02,  3.8540e-02],
          [-6.9457e-02,  5.9408e-03, -1.7632e-02,  8.2763e-02, -4.8934e-02]],

         [[-6.0385e-02, -4.8693e-02, -2.3644e-03, -6.3577e-02,  3.5580e-02],
          [ 1.0703e-02, -2.2697e-02,  4.1741e-02, -8.1698e-02, -2.0030e-02],
          [ 8.4023e-02, -5.9723e-02,  5.0907e-02, -6.8540e-03,  8.0951e-02],
          [-7.9218e-02, -6.9541e-02,  1.0434e-02, -1.9450e-02, -8.6096e-02],
          [ 6.4311e-02,  5.1359e-02, -8.0242e-03, -6.0670e-02, -1.4568e-02]]]],
       requires_grad=True)
None
None
***************
***************
Parameter containing:
tensor([0., 0., 0., 0., 0., 0., 0., 0., 0., 0., 0., 0., 0., 0., 0., 0., 0., 0., 0., 0., 0., 0., 0., 0.,
        0., 0., 0., 0., 0., 0., 0., 0.], requires_grad=True)
None
None
***************
***************
Parameter containing:
tensor([[[[ 4.9626e-02,  6.5259e-02,  1.1104e-02, -7.4084e-02],
          [-1.5656e-02, -5.6400e-02, -7.9606e-02, -7.4094e-02],
          [ 4.3643e-05,  1.2329e-02,  7.9578e-02, -8.7151e-03],
          [-7.8643e-02,  6.8460e-02, -8.0758e-02, -4.8840e-02]],

         [[-2.1823e-02, -3.7838e-02,  3.9301e-02, -4.2533e-02],
          [ 4.0893e-02,  7.1914e-02,  2.5278e-02,  4.8611e-03],
          [ 6.9002e-02,  1.2503e-02, -7.8163e-02,  5.3629e-03],
          [ 1.0833e-02,  8.0030e-02, -8.6766e-02, -1.8741e-02]],

         [[-8.1356e-02, -6.7188e-02, -4.8255e-02,  6.5926e-02],
          [-4.3677e-02, -1.1840e-03,  7.2807e-03,  2.7776e-02],
          [ 2.2280e-02, -7.7701e-02,  6.2412e-02, -5.9484e-02],
          [-7.4993e-02, -4.2863e-02,  8.2038e-02,  7.6725e-02]],

         ...,

         [[-7.0686e-02,  5.2629e-02,  7.9673e-02,  7.5079e-02],
          [-8.6481e-02,  5.7339e-02, -6.7784e-02, -5.9318e-02],
          [-4.6627e-02,  5.0949e-02,  6.2453e-02,  5.2177e-02],
          [ 7.8364e-02,  2.2756e-03, -6.6682e-02,  7.0401e-02]],

         [[ 4.9845e-02, -7.6925e-02,  3.3889e-02, -4.6944e-03],
          [ 8.4987e-02,  7.5530e-02, -1.1690e-02, -1.8007e-02],
          [-6.4488e-02,  1.4208e-02, -1.8970e-02,  2.9714e-02],
          [ 8.2411e-02,  6.0972e-02, -3.2966e-02, -3.5057e-02]],

         [[ 1.2772e-03,  6.3405e-02,  1.8846e-03,  8.2830e-04],
          [-6.8269e-02,  4.5051e-02,  1.1891e-02,  6.4200e-02],
          [-4.2152e-02,  4.8412e-02,  3.8170e-02, -2.0572e-02],
          [ 1.8941e-02,  2.1900e-02, -1.9430e-02,  2.9692e-03]]],


        [[[ 4.6750e-02, -6.5962e-02,  9.7727e-03,  5.6594e-02],
          [-6.0781e-02,  3.0365e-02,  8.3203e-02,  8.7380e-02],
          [ 2.2137e-02, -3.6118e-02,  7.8159e-02, -1.4077e-02],
          [ 5.7430e-02, -2.3673e-02, -4.6085e-02, -3.8808e-02]],

         [[ 7.3526e-02,  7.7334e-02, -3.3394e-02,  5.3708e-02],
          [-4.1669e-02,  5.7630e-03,  8.1416e-02, -4.8605e-02],
          [-4.8316e-02,  2.7374e-02,  3.9799e-02,  1.9374e-02],
          [-5.7711e-02, -7.9604e-04,  9.2372e-04,  4.2001e-02]],

         [[ 8.3347e-02,  8.6624e-02, -8.5327e-02,  3.8525e-02],
          [-4.5214e-02,  3.9605e-02,  1.3064e-02, -6.6521e-02],
          [ 3.4897e-02, -6.0601e-02, -1.8768e-02,  8.5746e-02],
          [-1.4959e-02, -5.8494e-03, -7.4654e-02, -6.2260e-02]],

         ...,

         [[-8.5734e-03, -4.5308e-02, -2.9194e-02, -3.0348e-02],
          [-4.6537e-02, -6.9113e-02,  7.9605e-02,  2.6057e-02],
          [-3.1229e-02,  1.0274e-02, -8.7584e-02,  3.1362e-02],
          [-1.7822e-02, -1.4514e-02, -2.2854e-03,  3.9172e-02]],

         [[-2.3822e-02, -7.1102e-02, -6.2331e-02,  4.3496e-02],
          [ 7.9376e-03, -5.9644e-02, -6.5155e-02,  1.7742e-02],
          [-5.6341e-03,  5.5988e-02, -1.5310e-02, -6.5248e-02],
          [ 7.1503e-02, -6.4935e-02, -6.0355e-02,  4.3445e-02]],

         [[ 7.6886e-02,  2.5960e-02, -6.5884e-02,  3.7152e-02],
          [ 5.8860e-03,  5.3189e-02,  7.3320e-02,  8.6881e-02],
          [-6.2282e-02, -3.0392e-02,  5.2499e-02,  7.4462e-02],
          [-7.7108e-02,  4.0713e-02, -4.3387e-02,  9.6698e-03]]],


        [[[ 2.8931e-02, -7.6956e-02, -7.8868e-02,  3.0756e-02],
          [-1.2274e-02,  1.5498e-02, -3.8703e-02,  4.4505e-02],
          [ 8.1327e-02,  2.8546e-02,  4.0997e-02,  2.2025e-04],
          [-5.5595e-02, -8.4396e-02, -1.2569e-02,  1.4632e-02]],

         [[ 3.9493e-02,  8.0088e-02,  2.7900e-03, -7.4613e-02],
          [-2.0528e-02,  7.1742e-03, -5.9177e-03,  9.7464e-03],
          [ 1.1423e-02, -4.9814e-02, -6.3397e-02, -1.1874e-02],
          [ 6.7554e-02,  3.0558e-02,  2.2948e-02, -5.8157e-03]],

         [[ 3.4419e-02,  1.3527e-02,  2.0361e-02, -1.2612e-02],
          [-5.6664e-02,  6.5647e-02, -7.5426e-02,  1.7447e-02],
          [ 4.0752e-02, -5.2971e-02,  1.3104e-02, -1.7794e-02],
          [ 7.3952e-02, -5.4997e-02,  8.8018e-03, -5.7371e-02]],

         ...,

         [[-1.3246e-02,  6.6549e-02,  3.2341e-03, -1.7373e-02],
          [-7.2488e-02,  5.5435e-02,  2.3994e-02,  4.5272e-03],
          [-3.0567e-02,  7.0052e-02,  1.8567e-02,  3.8641e-02],
          [ 7.9697e-02, -6.3041e-02,  5.5911e-02, -5.2432e-02]],

         [[ 1.0886e-02, -6.0211e-02,  3.8176e-02,  7.2918e-02],
          [-6.2303e-02, -5.0123e-02, -5.5518e-03, -6.2186e-03],
          [ 7.3987e-02,  1.1318e-02, -2.9871e-02, -4.2434e-02],
          [ 6.7323e-02, -4.0891e-02, -1.3073e-02, -4.3532e-03]],

         [[ 2.3823e-02, -5.8885e-02, -5.7336e-02, -3.9646e-03],
          [ 1.5491e-02,  3.5787e-02,  4.8086e-02,  2.6082e-02],
          [ 6.5370e-02, -5.0183e-02,  4.2344e-02, -5.4012e-02],
          [ 7.2581e-03,  4.5281e-02,  6.2893e-02,  5.5904e-03]]],


        ...,


        [[[ 1.6964e-03, -4.7833e-02,  6.3886e-03,  7.3639e-02],
          [-6.1794e-02, -5.8039e-02, -5.8315e-02,  3.2954e-03],
          [ 6.4076e-03,  1.4593e-03,  3.6209e-02,  7.8285e-03],
          [-7.2456e-02,  2.7279e-02,  6.0219e-02, -7.9520e-02]],

         [[-1.1619e-02,  2.4473e-03, -3.6356e-02, -2.9187e-02],
          [-1.6712e-03, -4.0936e-02,  6.8777e-02,  2.1958e-02],
          [-8.0532e-03, -1.2120e-02,  3.8653e-02,  2.6623e-02],
          [ 4.7363e-03,  1.8259e-02,  6.9034e-02,  1.9238e-02]],

         [[ 7.0075e-03,  2.5797e-03, -4.5294e-03, -3.6484e-02],
          [-3.4496e-03,  8.7748e-02, -5.0794e-02,  8.0536e-02],
          [ 8.1248e-02,  3.8282e-02, -2.8898e-02,  2.4729e-02],
          [ 3.2091e-02, -5.5510e-03, -5.1082e-02, -1.0595e-02]],

         ...,

         [[-1.3174e-02,  8.7322e-02,  5.5121e-02,  6.0131e-02],
          [ 1.7263e-02,  8.8091e-02,  7.7916e-02,  1.2676e-02],
          [ 8.6600e-02, -9.3074e-03, -3.3241e-02, -8.3588e-02],
          [-5.3189e-02, -1.0587e-02, -6.0421e-02,  2.4440e-02]],

         [[ 6.2516e-02, -5.3161e-02,  1.1546e-02,  7.8346e-02],
          [ 8.2482e-02,  9.2781e-04,  8.0804e-02,  2.3243e-02],
          [-6.6478e-02,  6.1210e-02, -2.8750e-02,  2.7607e-03],
          [-2.0633e-02, -3.1266e-02,  4.4079e-02, -2.2876e-02]],

         [[ 6.2240e-02,  7.2183e-03,  3.4804e-02,  5.5132e-02],
          [-1.6369e-02, -1.8533e-02, -1.2531e-02, -2.4247e-02],
          [ 5.0354e-02,  2.7886e-02,  1.8823e-02,  6.7242e-03],
          [ 8.1881e-03, -3.0339e-02,  7.9681e-02,  5.5744e-02]]],


        [[[ 3.5147e-02,  7.0472e-02, -5.4563e-02,  7.0654e-02],
          [ 7.9547e-02, -4.4801e-02,  2.5326e-02,  5.1527e-02],
          [ 6.7654e-02,  1.5231e-02, -1.4938e-02, -6.0278e-02],
          [ 4.1431e-02, -4.8955e-02, -6.4849e-02, -4.4567e-02]],

         [[-8.0147e-03, -8.5284e-02,  6.4632e-02,  5.2336e-02],
          [-8.5524e-02,  5.4101e-03, -8.4625e-02, -3.0384e-02],
          [ 4.6137e-02,  5.1402e-02, -3.5388e-02,  3.3871e-02],
          [ 4.5855e-02,  2.8574e-03,  6.2079e-02,  4.8113e-04]],

         [[-6.0961e-02,  4.1896e-02, -6.7396e-02, -6.5923e-02],
          [ 1.4229e-02,  4.3276e-02, -3.8047e-04, -2.9313e-02],
          [ 1.4583e-03, -2.9413e-02,  3.2024e-02,  1.6466e-02],
          [-8.0413e-02, -1.7821e-02,  3.1292e-02,  8.2649e-02]],

         ...,

         [[-6.6482e-02,  6.7135e-02,  8.9131e-03, -4.8067e-02],
          [ 2.3778e-02,  3.8386e-03,  7.6552e-02,  5.7067e-02],
          [-8.6505e-02, -4.7734e-02,  5.3277e-02,  7.6630e-02],
          [ 2.6914e-02, -7.4513e-02,  5.7984e-02,  5.1009e-02]],

         [[-6.9946e-02, -4.1491e-02,  6.2988e-02,  7.3040e-02],
          [ 3.5446e-02,  4.1125e-02,  4.4388e-02, -8.5144e-02],
          [ 9.2749e-03,  7.6273e-02,  7.3595e-02,  4.0055e-02],
          [-3.7072e-03,  4.5648e-03, -4.5443e-02, -8.5370e-02]],

         [[-4.4887e-02,  4.7146e-02, -2.6250e-02, -8.3580e-02],
          [-8.0588e-03,  7.6759e-02, -5.0080e-02,  9.0418e-03],
          [-7.8781e-03, -2.9636e-02, -6.4416e-02,  1.8173e-03],
          [ 6.9027e-02, -5.6039e-02,  7.0473e-02, -4.6666e-02]]],


        [[[-5.2809e-02, -4.3956e-02, -8.6105e-02,  1.4975e-03],
          [ 6.4823e-02,  8.2132e-02,  1.4246e-02,  1.9422e-02],
          [ 5.1710e-02,  6.1154e-02, -1.1434e-02,  1.6114e-02],
          [-1.1334e-02, -8.3443e-02,  7.0972e-02, -8.1781e-02]],

         [[ 6.5404e-03, -2.9174e-02,  1.1076e-02, -5.1612e-02],
          [ 3.6912e-02,  2.9770e-03, -7.6722e-02, -1.4944e-02],
          [-7.4277e-02, -6.7527e-02,  1.9615e-02,  6.5917e-02],
          [-7.2354e-02,  7.9434e-02, -1.6681e-02,  3.8751e-02]],

         [[-5.8697e-02, -8.6072e-02, -1.5297e-02, -8.1520e-02],
          [-4.5790e-02,  4.0785e-03,  1.0262e-02,  4.3242e-02],
          [ 2.8834e-02, -4.1828e-02, -5.3417e-02,  6.7631e-02],
          [ 6.5748e-02,  1.8204e-02, -3.8161e-02, -6.6558e-02]],

         ...,

         [[-3.7373e-02,  3.7451e-02, -7.3982e-02,  2.5774e-02],
          [ 8.6045e-03,  7.8855e-03,  8.2134e-02,  7.7271e-03],
          [-6.3088e-03, -6.7376e-04, -2.2029e-02, -7.5749e-02],
          [-7.7089e-02, -4.1053e-02,  3.9924e-02,  4.1962e-02]],

         [[ 9.6039e-04, -1.6502e-02, -7.0744e-02,  8.0170e-02],
          [-4.4057e-02,  7.0534e-02,  7.0778e-02,  6.3937e-02],
          [-1.3270e-02,  6.8637e-02,  1.7532e-02, -1.6394e-02],
          [ 2.1706e-02, -6.6845e-02, -5.7412e-02, -2.9094e-02]],

         [[-3.2549e-02, -2.2412e-02,  5.4415e-02,  1.7999e-02],
          [-7.9112e-02, -4.0185e-02,  1.5209e-02,  2.0209e-02],
          [ 8.5597e-02, -2.9246e-02,  7.9178e-02, -3.8899e-02],
          [ 6.9338e-02,  4.7806e-02, -8.0945e-02, -2.7162e-02]]]],
       requires_grad=True)
None
None
***************
***************
Parameter containing:
tensor([0., 0., 0., 0., 0., 0., 0., 0., 0., 0., 0., 0., 0., 0., 0., 0., 0., 0., 0., 0., 0., 0., 0., 0.,
        0., 0., 0., 0., 0., 0., 0., 0., 0., 0., 0., 0., 0., 0., 0., 0., 0., 0., 0., 0., 0., 0., 0., 0.,
        0., 0., 0., 0., 0., 0., 0., 0., 0., 0., 0., 0., 0., 0., 0., 0.],
       requires_grad=True)
None
None
***************
***************
Parameter containing:
tensor([[[[ 9.8607e-02, -6.9565e-02,  6.8314e-02],
          [ 7.6493e-02,  7.3330e-02, -8.5414e-02],
          [-8.0563e-02, -5.6402e-02,  5.7396e-02]],

         [[ 1.4298e-02, -1.0942e-02, -6.5241e-02],
          [-8.9745e-02, -7.3487e-02, -6.5930e-02],
          [ 1.7787e-02, -9.0403e-02, -8.0385e-02]],

         [[-1.6647e-02,  9.0368e-02, -9.5717e-02],
          [ 7.8472e-02,  6.5595e-03, -4.8773e-02],
          [ 7.1469e-02,  1.6658e-02,  1.0389e-03]],

         ...,

         [[ 3.5521e-02,  6.2382e-02,  2.8979e-02],
          [ 2.8472e-02,  8.7882e-02,  6.2122e-02],
          [-7.9136e-02,  4.9681e-02, -1.0117e-01]],

         [[-1.7075e-02,  6.1156e-02, -1.2881e-03],
          [-2.5588e-02,  7.2421e-02, -8.5533e-02],
          [-3.7853e-02,  5.7278e-02,  2.0821e-02]],

         [[ 2.8720e-02, -3.1585e-02, -8.0090e-02],
          [-7.9790e-03,  7.1580e-02, -2.1728e-02],
          [ 2.3800e-02,  1.1054e-02,  5.5048e-03]]],


        [[[ 1.4869e-02, -7.7114e-02, -5.2806e-02],
          [-1.6001e-02, -6.6412e-02, -8.8918e-02],
          [ 2.8651e-02, -1.1279e-03, -2.1291e-02]],

         [[-7.2050e-02,  9.8594e-02, -1.0165e-01],
          [ 7.3533e-02,  9.8892e-02, -5.0739e-02],
          [-5.5926e-02,  9.7725e-02, -8.0169e-02]],

         [[ 3.9554e-02, -3.6433e-02, -4.1200e-02],
          [-8.6656e-02, -9.1092e-02, -5.7312e-03],
          [-9.5429e-02,  8.1097e-02,  1.0081e-01]],

         ...,

         [[-4.9382e-02, -8.1976e-02, -9.2392e-02],
          [ 8.3614e-02,  7.0743e-02, -6.1338e-02],
          [ 4.7887e-02, -1.2223e-02, -9.5510e-04]],

         [[ 5.8025e-03, -4.9781e-02, -2.9705e-02],
          [ 6.1151e-03, -1.3863e-02, -9.9241e-02],
          [ 8.5179e-02, -8.0350e-02,  9.8276e-02]],

         [[ 9.1166e-02,  2.0726e-02,  5.2501e-02],
          [ 1.2526e-02,  1.5369e-02, -9.2628e-02],
          [ 9.3009e-02,  6.5032e-02,  5.1113e-02]]],


        [[[-8.8905e-02,  4.0314e-02,  6.4180e-03],
          [ 1.6380e-02, -5.9047e-02,  3.7336e-02],
          [ 2.7927e-02,  2.0786e-02, -3.3927e-02]],

         [[ 2.5828e-02, -3.9387e-02,  8.2046e-02],
          [-1.5092e-02, -7.0478e-02, -7.5638e-02],
          [ 5.7340e-02, -1.5885e-02, -9.8291e-02]],

         [[-2.6114e-02, -7.6023e-02,  2.9720e-02],
          [ 2.6436e-02, -5.5915e-02, -1.1373e-02],
          [-5.1949e-03, -8.8308e-02,  4.4204e-03]],

         ...,

         [[ 2.2390e-02, -2.8049e-03, -3.1882e-02],
          [-8.9506e-02,  9.8728e-02,  9.8036e-02],
          [ 2.8584e-02,  5.2796e-02, -7.3041e-02]],

         [[-3.5299e-02, -3.2385e-02, -7.2595e-02],
          [-2.2750e-02,  9.9394e-02,  1.7119e-03],
          [-5.8058e-02, -6.8267e-02, -5.1434e-02]],

         [[-5.1109e-02,  9.1857e-02, -8.7232e-02],
          [ 5.3997e-02, -4.7230e-02,  9.2917e-02],
          [ 2.7656e-02, -6.5815e-02,  3.4658e-02]]],


        ...,


        [[[ 6.9050e-02,  7.0284e-02, -7.4626e-02],
          [-4.8354e-02,  8.9817e-02, -8.7507e-02],
          [-2.6156e-02,  8.3219e-02, -8.6996e-02]],

         [[ 9.2013e-03, -9.0145e-02, -3.4366e-02],
          [ 8.5760e-03, -8.4213e-02,  2.8499e-02],
          [-4.7695e-02,  2.2495e-02, -9.9169e-02]],

         [[-8.5176e-02,  3.4526e-02,  1.4437e-02],
          [-5.3282e-02, -6.9042e-02,  1.0144e-01],
          [-6.0221e-02, -3.8107e-02, -5.0563e-02]],

         ...,

         [[-1.9949e-02,  5.0035e-02,  8.0106e-02],
          [ 4.9614e-03,  8.1001e-02, -7.4565e-02],
          [-1.0085e-01, -4.7130e-02,  5.6596e-02]],

         [[ 1.6944e-02, -1.8746e-02, -5.2358e-02],
          [ 1.9667e-02,  2.9100e-02, -4.2337e-02],
          [ 5.8187e-02, -7.2998e-02,  1.4548e-04]],

         [[ 7.9111e-02, -4.7384e-02, -5.9741e-02],
          [ 6.5274e-02,  9.1748e-02, -6.6148e-03],
          [-9.8507e-02, -8.8265e-02, -3.6789e-02]]],


        [[[-9.4490e-02, -1.3066e-02,  8.0860e-02],
          [ 5.9595e-02, -5.3918e-02,  7.7199e-02],
          [-7.7646e-02, -1.2220e-02,  2.8306e-02]],

         [[ 6.3013e-02,  6.7664e-02,  3.7923e-02],
          [-6.8899e-02,  5.5824e-05, -9.4226e-02],
          [ 7.2716e-02,  7.5391e-02,  8.6976e-02]],

         [[-8.4164e-02, -3.6525e-02,  8.4764e-04],
          [ 4.6424e-02, -3.4949e-02, -5.3899e-02],
          [-6.6423e-02, -1.5631e-02,  6.5979e-02]],

         ...,

         [[ 9.8293e-02, -4.2014e-02,  1.0203e-01],
          [-1.8229e-02,  6.3265e-02,  7.3543e-02],
          [ 1.0718e-02, -6.7236e-02, -4.2951e-02]],

         [[ 8.9136e-02,  8.8648e-02,  4.9815e-02],
          [-2.0778e-02,  5.3066e-03,  4.4625e-02],
          [-5.5278e-02, -7.0768e-02,  1.7673e-02]],

         [[-8.6285e-02, -7.9823e-02,  5.3893e-02],
          [-1.1297e-02,  1.6950e-02,  6.3331e-02],
          [ 4.9787e-02,  8.9174e-02,  7.8454e-02]]],


        [[[-7.4424e-02, -9.4441e-05, -9.4006e-02],
          [-1.3601e-02,  9.8598e-02,  6.5254e-02],
          [-1.1321e-03,  6.9060e-02,  9.5255e-02]],

         [[ 1.4758e-02, -7.4274e-02,  7.6480e-02],
          [ 9.8153e-02,  8.6033e-02,  4.5945e-02],
          [ 7.7425e-02,  5.5967e-02, -4.9041e-02]],

         [[ 2.0783e-02,  9.5685e-03, -5.2491e-04],
          [ 7.7550e-02, -6.8217e-02,  5.2709e-02],
          [ 1.7057e-02,  3.4740e-02, -7.2263e-02]],

         ...,

         [[-8.3579e-02,  1.1851e-02, -7.8645e-02],
          [-4.0629e-04,  3.4075e-02,  2.8494e-02],
          [ 5.8106e-02,  9.1386e-02,  3.1373e-02]],

         [[-6.7906e-02,  8.4490e-02, -1.6294e-02],
          [ 5.1141e-02, -8.4199e-02, -9.4294e-02],
          [ 8.8684e-02,  8.9798e-02, -6.1536e-02]],

         [[-6.3777e-02,  9.5214e-02, -8.2967e-03],
          [-9.2963e-02, -1.3397e-02,  5.7458e-02],
          [ 6.2798e-02,  6.8272e-02, -2.2864e-02]]]], requires_grad=True)
None
None
***************
***************
Parameter containing:
tensor([0., 0., 0., 0., 0., 0., 0., 0., 0., 0., 0., 0., 0., 0., 0., 0., 0., 0., 0., 0., 0., 0., 0., 0.,
        0., 0., 0., 0., 0., 0., 0., 0., 0., 0., 0., 0., 0., 0., 0., 0., 0., 0., 0., 0., 0., 0., 0., 0.,
        0., 0., 0., 0., 0., 0., 0., 0., 0., 0., 0., 0., 0., 0., 0., 0.],
       requires_grad=True)
None
None
***************
***************
Parameter containing:
tensor([[-0.0605,  0.0020, -0.0713,  ...,  0.0527, -0.0021,  0.0554],
        [ 0.0281, -0.0224,  0.0439,  ...,  0.0438, -0.0069, -0.0730],
        [ 0.0528,  0.0520,  0.0213,  ...,  0.0336,  0.0489,  0.0652],
        ...,
        [ 0.0499, -0.0310, -0.0010,  ..., -0.0392,  0.0455,  0.0248],
        [ 0.0249, -0.0289, -0.0541,  ...,  0.0502,  0.0120,  0.0118],
        [ 0.0332, -0.0385,  0.0007,  ..., -0.0579,  0.0241, -0.0224]],
       requires_grad=True)
None
None
***************
***************
Parameter containing:
tensor([0., 0., 0., 0., 0., 0., 0., 0., 0., 0., 0., 0., 0., 0., 0., 0., 0., 0., 0., 0., 0., 0., 0., 0.,
        0., 0., 0., 0., 0., 0., 0., 0., 0., 0., 0., 0., 0., 0., 0., 0., 0., 0., 0., 0., 0., 0., 0., 0.,
        0., 0., 0., 0., 0., 0., 0., 0., 0., 0., 0., 0., 0., 0., 0., 0., 0., 0., 0., 0., 0., 0., 0., 0.,
        0., 0., 0., 0., 0., 0., 0., 0., 0., 0., 0., 0., 0., 0., 0., 0., 0., 0., 0., 0., 0., 0., 0., 0.,
        0., 0., 0., 0.], requires_grad=True)
None
None
***************
***************
Parameter containing:
tensor([[-0.0866,  0.0829, -0.0055,  ..., -0.0508,  0.0625,  0.0596],
        [-0.0715,  0.0914, -0.0542,  ...,  0.0533,  0.0449, -0.0428],
        [-0.0494,  0.0597,  0.0352,  ...,  0.0541,  0.0516, -0.0580],
        ...,
        [-0.0619, -0.0482,  0.0501,  ...,  0.0557,  0.0471, -0.0252],
        [ 0.0220, -0.0863,  0.0599,  ..., -0.0500,  0.0079,  0.0900],
        [ 0.0491, -0.0076, -0.0252,  ...,  0.0130,  0.0028,  0.0432]],
       requires_grad=True)
None
None
***************
***************
Parameter containing:
tensor([[ 0.0342,  0.0884,  0.0539,  ...,  0.0707, -0.0085,  0.0271],
        [ 0.0567,  0.0812,  0.0125,  ...,  0.0767, -0.0768,  0.0263],
        [ 0.0235, -0.0730,  0.0771,  ..., -0.0617, -0.0205,  0.0797],
        ...,
        [ 0.0163,  0.0430, -0.0877,  ..., -0.0297,  0.0448,  0.0526],
        [-0.0667, -0.0443, -0.0228,  ..., -0.0504, -0.0383, -0.0320],
        [-0.0811,  0.0082,  0.0020,  ..., -0.0214, -0.0435, -0.0599]],
       requires_grad=True)
None
None
***************
***************
Parameter containing:
tensor([0., 0., 0., 0., 0., 0., 0., 0., 0., 0., 0., 0., 0., 0., 0., 0., 0., 0., 0., 0., 0., 0., 0., 0.,
        0., 0., 0., 0., 0., 0., 0., 0., 0., 0., 0., 0., 0., 0., 0., 0., 0., 0., 0., 0., 0., 0., 0., 0.,
        0., 0., 0., 0., 0., 0., 0., 0., 0., 0., 0., 0., 0., 0., 0., 0., 0., 0., 0., 0., 0., 0., 0., 0.,
        0., 0., 0., 0., 0., 0., 0., 0., 0., 0., 0., 0., 0., 0., 0., 0., 0., 0., 0., 0., 0., 0., 0., 0.,
        0., 0., 0., 0., 0., 0., 0., 0., 0., 0., 0., 0., 0., 0., 0., 0., 0., 0., 0., 0., 0., 0., 0., 0.,
        0., 0., 0., 0., 0., 0., 0., 0., 0., 0., 0., 0., 0., 0., 0., 0., 0., 0., 0., 0., 0., 0., 0., 0.,
        0., 0., 0., 0., 0., 0., 0., 0., 0., 0., 0., 0., 0., 0., 0., 0., 0., 0., 0., 0., 0., 0., 0., 0.,
        0., 0., 0., 0., 0., 0., 0., 0., 0., 0., 0., 0., 0., 0., 0., 0., 0., 0., 0., 0., 0., 0., 0., 0.,
        0., 0., 0., 0., 0., 0., 0., 0., 0., 0., 0., 0., 0., 0., 0., 0., 0., 0., 0., 0., 0., 0., 0., 0.,
        0., 0., 0., 0., 0., 0., 0., 0., 0., 0., 0., 0., 0., 0., 0., 0., 0., 0., 0., 0., 0., 0., 0., 0.,
        0., 0., 0., 0., 0., 0., 0., 0., 0., 0., 0., 0., 0., 0., 0., 0., 0., 0., 0., 0., 0., 0., 0., 0.,
        0., 0., 0., 0., 0., 0., 0., 0., 0., 0., 0., 0., 0., 0., 0., 0., 0., 0., 0., 0., 0., 0., 0., 0.,
        0., 0., 0., 0., 0., 0., 0., 0., 0., 0., 0., 0., 0., 0., 0., 0., 0., 0., 0., 0., 0., 0., 0., 0.,
        0., 0., 0., 0., 0., 0., 0., 0., 0., 0., 0., 0., 0., 0., 0., 0., 0., 0., 0., 0., 0., 0., 0., 0.,
        0., 0., 0., 0., 0., 0., 0., 0., 0., 0., 0., 0., 0., 0., 0., 0., 0., 0., 0., 0., 0., 0., 0., 0.,
        0., 0., 0., 0., 0., 0., 0., 0., 0., 0., 0., 0., 0., 0., 0., 0., 0., 0., 0., 0., 0., 0., 0., 0.,
        0., 0., 0., 0., 0., 0., 0., 0., 0., 0., 0., 0., 0., 0., 0., 0.],
       requires_grad=True)
None
None
***************
***************
Parameter containing:
tensor([0., 0., 0., 0., 0., 0., 0., 0., 0., 0., 0., 0., 0., 0., 0., 0., 0., 0., 0., 0., 0., 0., 0., 0.,
        0., 0., 0., 0., 0., 0., 0., 0., 0., 0., 0., 0., 0., 0., 0., 0., 0., 0., 0., 0., 0., 0., 0., 0.,
        0., 0., 0., 0., 0., 0., 0., 0., 0., 0., 0., 0., 0., 0., 0., 0., 0., 0., 0., 0., 0., 0., 0., 0.,
        0., 0., 0., 0., 0., 0., 0., 0., 0., 0., 0., 0., 0., 0., 0., 0., 0., 0., 0., 0., 0., 0., 0., 0.,
        0., 0., 0., 0., 0., 0., 0., 0., 0., 0., 0., 0., 0., 0., 0., 0., 0., 0., 0., 0., 0., 0., 0., 0.,
        0., 0., 0., 0., 0., 0., 0., 0., 0., 0., 0., 0., 0., 0., 0., 0., 0., 0., 0., 0., 0., 0., 0., 0.,
        0., 0., 0., 0., 0., 0., 0., 0., 0., 0., 0., 0., 0., 0., 0., 0., 0., 0., 0., 0., 0., 0., 0., 0.,
        0., 0., 0., 0., 0., 0., 0., 0., 0., 0., 0., 0., 0., 0., 0., 0., 0., 0., 0., 0., 0., 0., 0., 0.,
        0., 0., 0., 0., 0., 0., 0., 0., 0., 0., 0., 0., 0., 0., 0., 0., 0., 0., 0., 0., 0., 0., 0., 0.,
        0., 0., 0., 0., 0., 0., 0., 0., 0., 0., 0., 0., 0., 0., 0., 0., 0., 0., 0., 0., 0., 0., 0., 0.,
        0., 0., 0., 0., 0., 0., 0., 0., 0., 0., 0., 0., 0., 0., 0., 0., 0., 0., 0., 0., 0., 0., 0., 0.,
        0., 0., 0., 0., 0., 0., 0., 0., 0., 0., 0., 0., 0., 0., 0., 0., 0., 0., 0., 0., 0., 0., 0., 0.,
        0., 0., 0., 0., 0., 0., 0., 0., 0., 0., 0., 0., 0., 0., 0., 0., 0., 0., 0., 0., 0., 0., 0., 0.,
        0., 0., 0., 0., 0., 0., 0., 0., 0., 0., 0., 0., 0., 0., 0., 0., 0., 0., 0., 0., 0., 0., 0., 0.,
        0., 0., 0., 0., 0., 0., 0., 0., 0., 0., 0., 0., 0., 0., 0., 0., 0., 0., 0., 0., 0., 0., 0., 0.,
        0., 0., 0., 0., 0., 0., 0., 0., 0., 0., 0., 0., 0., 0., 0., 0., 0., 0., 0., 0., 0., 0., 0., 0.,
        0., 0., 0., 0., 0., 0., 0., 0., 0., 0., 0., 0., 0., 0., 0., 0.],
       requires_grad=True)
None
None
***************
***************
Parameter containing:
tensor([[-0.0254,  0.1541,  0.1295,  0.0057,  0.0396, -0.0485,  0.0628, -0.1598,
          0.2540, -0.1631, -0.0175, -0.0473, -0.2578,  0.0519,  0.0907, -0.0062,
         -0.1003,  0.0790,  0.1687, -0.0085, -0.1114, -0.0789, -0.0078,  0.0008,
          0.1317,  0.0273, -0.1269, -0.0221, -0.0308, -0.0998, -0.0586, -0.0836,
         -0.0136,  0.0821, -0.0658, -0.0703, -0.0845,  0.2076, -0.0339,  0.0520,
         -0.0356,  0.1314, -0.0486, -0.0128,  0.0038,  0.0109, -0.0543,  0.0898,
         -0.1555, -0.0581, -0.0108,  0.0862, -0.0662, -0.0295, -0.0995, -0.0834,
          0.1893,  0.0214, -0.1566,  0.0182, -0.0409,  0.0657, -0.0129,  0.0161,
         -0.0429,  0.0133,  0.0237,  0.0431,  0.0455, -0.0168,  0.0670, -0.1313,
         -0.0503,  0.0173,  0.1369,  0.1379,  0.0029, -0.1167, -0.1638, -0.0653,
          0.1898,  0.0677, -0.0717, -0.0968,  0.1432,  0.0797, -0.0214,  0.1766,
          0.0900, -0.1821,  0.0155, -0.1144,  0.0329, -0.0024,  0.2183, -0.0545,
         -0.0951, -0.1941,  0.0982,  0.1318]], requires_grad=True)
None
None
***************
***************
Parameter containing:
tensor([0.], requires_grad=True)
None
None
***************
***************
Parameter containing:
tensor([[ 4.9038e-04,  9.4647e-04, -1.6166e-03, -1.4870e-04,  4.0132e-04,
         -1.5536e-03,  5.1680e-04,  4.3783e-04, -6.1636e-04,  1.7602e-04,
          3.6791e-04, -1.1807e-03,  4.6390e-04, -7.6435e-04,  2.2093e-04,
         -1.1862e-03, -1.4404e-04,  2.3371e-03,  1.8953e-03,  7.0199e-04,
         -1.3412e-03,  4.0060e-04, -1.1300e-04,  4.2482e-04,  5.8091e-04,
         -4.0378e-04, -1.3327e-03, -1.8792e-03, -7.0307e-04, -8.0051e-04,
          2.0442e-03, -5.9233e-04,  9.5245e-04,  1.7690e-03, -1.8092e-03,
          6.2327e-04,  1.8150e-04, -8.0235e-04,  1.0846e-03, -2.6962e-04,
         -6.6202e-05,  4.8366e-04,  1.4857e-03, -2.0972e-04,  1.0536e-03,
          7.1146e-04, -1.1595e-04, -1.5255e-03,  7.0587e-06,  7.0560e-05,
         -9.9120e-04, -8.7889e-04,  8.5518e-04,  1.0662e-03,  2.6421e-04,
          2.9338e-04,  3.8041e-05, -1.2241e-04,  1.9555e-03,  6.3657e-04,
          1.0436e-04, -1.6807e-04,  7.4869e-04, -7.9136e-05, -1.2240e-03,
         -1.9110e-04,  1.0893e-03,  2.2365e-03,  2.7300e-03, -1.2215e-03,
          3.7423e-04, -1.6664e-03,  7.7156e-04, -1.1890e-03,  2.1266e-04,
         -1.1389e-03,  6.0249e-04,  1.7846e-04,  1.5118e-03,  2.5993e-05,
         -3.8802e-04,  1.3692e-03,  9.6868e-04,  1.1473e-03,  1.2368e-04,
         -7.1050e-04, -1.0966e-05, -8.7001e-04, -1.4351e-03, -3.0541e-04,
         -1.2698e-03,  1.3185e-03, -1.3173e-04,  4.8255e-04,  1.4995e-03,
         -3.1878e-04,  8.7533e-04,  7.4782e-04,  3.1711e-04,  6.2950e-04],
        [ 1.8089e-03,  1.7607e-05, -4.9056e-05, -1.1932e-03, -7.1213e-04,
          2.5409e-04, -2.4878e-03, -3.5653e-04, -5.1844e-05, -7.8083e-04,
          1.3275e-03, -1.4338e-03, -2.2689e-04,  8.3370e-04,  3.7046e-05,
         -2.1843e-03, -1.8816e-03,  5.0472e-04, -4.4240e-04, -9.6382e-04,
         -3.6939e-04,  6.5023e-04, -1.9298e-04,  1.9573e-04, -1.3308e-03,
          8.0989e-05, -7.9616e-04, -4.9309e-04,  9.3269e-05, -8.1884e-04,
         -4.7406e-04,  1.7285e-04, -1.3687e-03,  1.0340e-04,  2.2646e-03,
         -1.5305e-03, -1.4088e-03,  1.0631e-03, -1.2948e-03, -3.6611e-04,
         -2.6706e-03, -3.8868e-04, -7.4228e-04,  8.8532e-04, -4.0346e-04,
          9.6647e-04,  5.7488e-04,  1.5752e-04,  4.7603e-04, -4.5686e-07,
          1.6655e-03, -2.3013e-04,  3.7226e-04, -1.8934e-04,  1.9399e-04,
          1.8830e-04,  1.0998e-03,  1.2868e-03, -1.2145e-03, -9.4666e-06,
          6.7898e-04,  7.2949e-04,  4.7698e-04, -1.9325e-03,  3.2229e-04,
          1.7139e-03,  7.8862e-04,  1.3405e-03, -1.1715e-03,  3.2768e-04,
         -1.2145e-03, -8.3693e-05, -2.0612e-04, -9.7595e-04, -7.8730e-04,
          1.7236e-03, -6.5851e-06,  1.1321e-03,  7.9449e-04,  1.9442e-04,
          7.7350e-04, -2.3723e-04,  1.9516e-03,  5.2843e-04, -1.1707e-03,
         -4.5667e-04,  1.1572e-03, -5.3173e-04,  1.6994e-03, -1.1417e-03,
         -5.7964e-04,  1.1475e-04, -1.2336e-03, -6.7916e-04,  2.8079e-04,
          8.7339e-04, -1.6750e-05,  1.1870e-03, -5.3446e-04,  6.4171e-04],
        [-3.7875e-04, -1.1326e-04, -6.6117e-05,  1.7697e-04, -3.8343e-04,
          4.5266e-04,  9.2448e-04,  1.2015e-03, -1.2813e-03,  1.1757e-03,
          1.9134e-03,  5.1108e-04, -1.3402e-04,  5.7345e-04, -9.2212e-04,
         -3.7256e-04,  7.4423e-04, -1.1656e-03,  7.3931e-04,  7.5349e-04,
          3.7269e-04,  1.9322e-03,  1.8933e-03, -5.4020e-04, -1.9674e-03,
         -5.7763e-04,  2.8444e-05, -5.5866e-05,  1.0121e-04, -4.7753e-05,
          7.0199e-04, -1.3946e-03,  1.1064e-03, -1.2482e-03, -5.0429e-04,
         -1.1495e-03, -1.4690e-03,  3.4685e-04, -3.4256e-04, -7.8915e-04,
         -1.3238e-03, -3.1046e-04,  1.3576e-03,  2.1039e-03, -9.0375e-05,
         -1.7839e-03, -6.9799e-04, -9.3456e-04,  8.0302e-04,  1.0787e-03,
         -1.7862e-04, -1.3284e-03, -1.2249e-03, -1.7447e-03,  2.1821e-03,
          8.3582e-04,  3.5845e-04, -1.9981e-04, -2.1111e-03,  1.2689e-04,
         -4.2505e-04, -2.8487e-04,  2.1474e-03, -1.4076e-04, -1.8492e-05,
          1.1036e-03, -9.2081e-04,  7.2576e-04, -2.2978e-04, -4.9659e-04,
         -1.0918e-03, -6.5507e-04, -1.2482e-03, -1.8116e-04,  1.1178e-03,
         -3.3085e-04, -1.3534e-03,  5.8059e-04, -6.3303e-04,  1.0374e-04,
         -2.7793e-04, -5.4126e-04, -5.0700e-04, -4.5117e-04,  2.3069e-03,
          8.5080e-04,  1.4313e-03, -2.1861e-04, -4.4273e-04,  1.2895e-03,
          8.0352e-04,  2.2030e-04,  1.0537e-03, -2.2152e-03,  4.6683e-05,
         -1.5191e-05, -3.8067e-04, -6.6736e-04, -1.2021e-05,  2.7099e-04],
        [-4.2199e-04, -1.3801e-03,  3.1517e-04, -7.5737e-05, -1.3170e-03,
         -1.7330e-03,  1.4284e-04, -1.2856e-03,  2.7804e-04,  4.1752e-04,
          3.9324e-04,  4.7106e-04,  3.3094e-04, -3.9305e-05, -3.3652e-04,
          1.4779e-04, -1.3787e-03,  2.7319e-04,  1.5017e-03,  7.1880e-04,
         -1.0833e-04,  1.7671e-03, -2.1162e-03,  1.1990e-03,  6.7310e-05,
         -8.2093e-04, -3.7833e-04, -7.6577e-04, -3.1196e-05,  8.7685e-05,
         -2.2292e-03,  2.8330e-04, -1.9040e-04, -7.3759e-04, -7.2902e-04,
          1.4816e-04,  8.5692e-04,  5.8085e-04, -6.1002e-05, -7.8697e-04,
         -4.5823e-04,  3.3010e-04,  4.4019e-04,  1.4685e-03,  1.2891e-03,
          9.9899e-04,  7.3113e-04,  2.7145e-04,  8.7522e-04,  1.0747e-03,
          1.2872e-03, -4.6133e-04, -8.8070e-04,  1.2480e-04, -6.3072e-06,
          2.3544e-03, -1.6704e-03,  2.1494e-03, -1.0966e-03, -6.2199e-04,
         -5.6243e-04, -2.4526e-05,  5.7931e-04,  1.9800e-04, -5.0818e-04,
         -1.8294e-04, -4.1982e-04,  1.0591e-03, -1.0352e-03,  2.2105e-04,
          5.5764e-04,  7.2423e-04, -3.6248e-04, -5.2286e-04,  8.5167e-05,
         -8.9692e-04,  8.4813e-04, -2.5953e-04, -1.4680e-03,  9.0818e-04,
         -2.5453e-06,  1.0934e-03, -4.3307e-04, -1.2039e-03, -9.6953e-04,
         -1.9636e-03,  2.9840e-04,  1.1046e-03, -1.5939e-03, -1.7228e-03,
         -5.0721e-04, -2.1107e-03, -2.8342e-04,  1.5448e-03,  8.5736e-04,
          1.1733e-03,  2.4599e-03,  5.8001e-05, -3.0278e-04,  1.8083e-03],
        [ 4.8697e-04, -1.0760e-03, -1.2819e-03,  1.0644e-04, -9.6627e-04,
         -9.6082e-04, -4.6838e-04, -4.1154e-05,  4.1782e-04, -5.7806e-04,
         -4.5527e-04, -7.4128e-04, -1.8450e-03,  1.2257e-03,  9.0870e-04,
         -6.6303e-04,  3.7021e-04,  1.1989e-03,  1.4369e-03, -4.7994e-04,
         -6.5845e-04, -1.6473e-03, -1.0028e-03,  1.3447e-03,  4.8314e-04,
          5.3459e-05, -3.2137e-05, -4.6321e-04, -5.0590e-04, -3.4415e-06,
         -1.0232e-03,  1.9209e-04,  1.5268e-03, -6.1214e-04, -1.7347e-04,
         -4.9251e-04,  6.7969e-04, -1.6085e-03, -2.1650e-05,  1.5293e-03,
          1.3512e-03,  3.9244e-04, -1.1283e-04, -8.4082e-06,  4.7421e-04,
         -7.5809e-04,  2.3932e-04, -1.0605e-03, -1.2416e-03,  1.3961e-03,
         -1.5673e-03,  1.1062e-04,  3.5816e-04,  4.5363e-04,  1.2889e-03,
         -3.2219e-04, -8.0219e-05, -4.6610e-04, -1.3051e-03, -1.8717e-03,
         -3.2219e-04, -1.0115e-03,  2.0283e-03,  8.1852e-04, -1.0098e-04,
          5.0046e-04, -4.0518e-04, -1.7891e-03,  1.6869e-03, -5.6741e-04,
         -6.8432e-04,  1.8874e-05, -7.7663e-06, -6.2814e-04, -1.5895e-03,
          1.3551e-04,  1.7528e-03, -7.9827e-04, -4.2042e-04, -1.5431e-03,
         -5.7902e-04,  1.0049e-04,  1.3300e-03,  1.7606e-03, -1.6012e-03,
         -2.1832e-03,  1.4448e-03, -6.6282e-05,  6.7881e-04,  1.8567e-03,
         -5.6300e-04,  8.5360e-04,  4.3568e-05,  5.4047e-04,  1.7798e-04,
          9.9647e-04,  1.8553e-03, -1.3111e-03, -1.1461e-03,  4.6954e-04],
        [-8.8179e-04,  1.0545e-03, -1.1675e-03, -4.9922e-04, -6.8635e-04,
         -6.9455e-04,  1.0180e-03, -7.2385e-04, -3.7083e-04,  5.2796e-05,
          6.5380e-04, -4.3403e-04,  1.4146e-03, -6.1928e-04, -3.7264e-04,
          7.2059e-04,  9.0902e-04,  8.9469e-04,  2.4089e-03,  2.8005e-04,
          9.2573e-04, -1.2755e-03, -4.2464e-04, -7.4319e-05, -1.6952e-03,
         -2.4381e-04,  9.6205e-04, -1.2183e-04, -2.6412e-03,  1.7917e-03,
          1.6725e-03,  9.6986e-04,  2.9618e-04, -2.8663e-04,  2.1222e-03,
          7.2755e-04, -4.9301e-05, -4.9545e-04,  1.5083e-04, -1.0537e-03,
          9.8199e-04,  1.7955e-03, -6.4496e-04, -7.6868e-04,  1.8085e-03,
          2.3283e-04,  1.3762e-04, -1.2372e-03,  9.3957e-04,  1.1628e-04,
          3.5835e-04,  4.6385e-04,  6.5251e-06,  1.2158e-03,  6.6222e-04,
         -7.7327e-05,  5.7116e-04, -1.8403e-04,  1.1948e-03, -1.9233e-04,
         -2.5152e-03,  6.7448e-04, -1.4558e-03,  1.1369e-03,  3.8077e-04,
          1.7090e-04,  1.0771e-03,  2.1731e-04, -8.5735e-04,  4.9911e-04,
         -4.1892e-04,  1.7795e-03,  4.2826e-04, -6.7372e-04,  4.1971e-04,
          2.2084e-03, -1.6975e-04,  8.2315e-04,  2.4459e-04,  1.0934e-03,
         -5.2545e-04, -7.8175e-04, -9.3140e-04, -1.0923e-03, -4.2680e-04,
         -6.4838e-05,  1.1314e-03, -2.4115e-04, -2.7218e-03,  5.5949e-04,
         -3.2947e-04,  1.1244e-03,  8.4110e-04,  5.9643e-04, -4.5918e-04,
         -2.2578e-04,  5.7325e-05, -5.2921e-04,  1.3411e-03,  2.0980e-04]],
       requires_grad=True)
None
None
***************
***************
Parameter containing:
tensor([0., 0., 0., 0., 0., 0.], requires_grad=True)
None
None
***************
***************
Parameter containing:
tensor([[-0.1699, -0.0652, -0.0976,  ..., -0.1536,  0.0022,  0.1448],
        [ 0.0976, -0.0718, -0.1661,  ...,  0.1526,  0.0763, -0.0655],
        [ 0.1098,  0.1997,  0.1147,  ...,  0.0280,  0.0340, -0.1386],
        ...,
        [ 0.1967,  0.1466, -0.0402,  ...,  0.1421, -0.1533, -0.0188],
        [-0.2055,  0.1885, -0.0659,  ...,  0.0599,  0.1867,  0.0629],
        [ 0.0166,  0.2020,  0.1748,  ..., -0.1926,  0.0045,  0.1036]],
       requires_grad=True)
None
None
***************
